6481
4399
4919
5351
7863
1654
7599
1652
8289
1097
1096
9058
3099
4030
4983
9178
4265
6267
9501
7537
4824
3007
7271
4786
4206
3012
1571
5836
9903
3992
9754
6302
6296
7251
5416
5857
2852
1656
6179
8377
3660
3497
3629
5729
1638
4133
1096
4334
7469
2526
1473
8779
7074
8994
3613
3604
1407
1377
5814
8350
1874
9492
1911
5427
8649
7390
6397
7961
9215
1511
7783
5975
9043
2103
3629
3512
3134
1198
7899
6021
8930
5532
7527
6110
5662
8207
9228
8342
9017
1542
5135
5658
9539
9389
2764
3582
5698
7805
4583
2262
1458
1670
1354
2653
1522
9081
5541
1349
1230
7642
1150
7428
4496
7066
7737
2036
2510
8662
7681
9528
8466
2924
7344
3807
4081
2211
9918
4911
7601
2259
9313
1941
1730
1295
8936
1044
8001
9987
6656
8999
8276
3906
8313
3345
9923
9270
5345
2470
2467
8477
8707
1437
8854
3169
6836
8882
7399
4209
7644
6243
9630
9367
3924
2803
5984
7495
9379
7650
3173
6495
1835
9600
7988
4327
5215
7456
4114
1734
4395
9613
9369
3635
5344
9136
9742
4499
9477
8525
6025
6154
2094
9676
1929
8815
8129
9098
4900
1884
9928
1855
5865
8530
6522
2651
7879
1810
3402
1423
1877
6252
4158
7485
5363
1425
5967
2480
5278
6663
3476
5987
4281
6025
8212
7787
8891
3691
5856
8693
8279
3927
7884
9807
9743
8911
5696
6489
9022
8901
2215
5628
1266
2314
1701
9680
7148
4547
4792
4912
2448
6965
4124
9060
9355
5633
9215
2644
1001
1587
5466
8332
9127
6221
5539
2265
1137
3001
9844
6133
2101
6781
7961
3506
6124
7804
7575
8856
7021
8171
1456
5706
4565
5202
6350
6641
5490
4595
8932
3065
6898
6682
5178
5922
6458
4745
5687
3829
3704
6362
9439
4042
1844
2603
4515
9174
6228
8243
8227
2441
4871
3835
2573
3404
4550
2986
1121
4228
5986
3657
4251
2823
5770
4403
5798
2201
5790
4011
4578
3422
9011
2803
3182
8222
5809
7719
1803
6098
9084
2299
8843
4236
1169
4626
7427
2653
9896
8348
5027
5556
6371
4658
8138
4761
1784
1294
6457
9669
1446
6200
9399
2145
8272
8885
3680
7567
4863
7757
8810
4629
3564
8243
5201
2684
1600
1694
8609
1400
9434
6928
9487
3088
8806
5803
5868
6739
2814
1830
8856
7904
7425
4288
2754
9705
8200
7962
7867
9990
7258
7992
4881
8688
7396
9734
3920
5710
7508
8572
2666
7639
9898
5668
1677
7851
3639
9248
3690
4485
7494
7790
4741
4744
2146
6604
8437
1275
3916
3323
6020
3937
1833
9621
4982
6427
3185
2793
6678
9152
5109
6914
2504
6727
4829
8098
1798
1428
1816
5667
5990
7643
7783
3648
5804
6325
2473
8483
8483
8513
2560
5008
5768
5209
3554
2786
5394
5665
4305
5921
3006
5778
8552
5401
9506
8005
8311
1496
9028
9123
9551
1679
7785
7182
8793
5136
8267
6838
2788
8989
6591
9087
2871
1042
3458
8344
8969
6770
3017
6177
5833
8381
2588
7793
2831
9430
3224
9491
4032
8752
5887
8617
4151
2096
7938
1617
2883
2399
8969
5035
8167
8783
9941
5694
6244
7345
1555
8667
9482
7233
7968
7986
7062
3857
2047
7687
7140
9327
4201
8438
7638
2570
5289
7147
7208
5252
5659
6954
8818
6172
6304
9601
5712
6958
1459
3100
9974
7342
6257
6654
5343
8711
5480
9901
5653
1854
4802
2723
3479
1235
6435
9827
7208
2540
1179
9394
7746
8407
5435
4990
3877
9743
8837
3655
1498
5147
2971
6092
5841
8479
2530
4072
3568
1621
2359
3725
9330
6355
5629
5521
4472
8556
6364
1714
6454
1664
4109
9671
3123
3122
1930
3351
4725
8665
5751
7893
5904
3947
7918
9133
8443
6296
1791
6147
9422
4599
1210
6880
6739
7924
4717
9159
5555
9266
4760
6724
8459
7663
3035
7449
9616
6209
6231
7768
4236
4901
4837
9602
8300
8240
9759
3240
7987
5603
6781
1367
9929
2888
1357
3938
8108
9985
7316
5107
6665
9351
5485
7083
9496
7999
7498
8291
1088
7618
6854
2438
4324
1681
2313
3854
4678
5392
9203
7142
2933
2267
4809
2231
9944
9531
9627
9252
7737
3938
2935
9211
5736
9221
9279
2699
1641
5842
2473
2852
9512
5297
6819
2995
2163
6119
8638
7235
7522
3072
9715
2694
8599
4488
2043
4340
2123
4353
2060
8013
4113
1325
1542
5220
5989
9445
4055
3278
8116
1142
6209
9839
4336
4565
4280
2736
3772
4434
7094
7613
1418
2316
2750
9792
9504
4950
6826
8359
1739
6870
6515
3193
4361
6948
2119
7837
5060
9607
3121
1679
4096
5790
7903
3167
5375
6244
5352
6420
9883
7660
3574
7697
2287
2360
8740
7059
2668
1442
6468
1936
6050
4199
9749
1266
2528
7980
2351
7081
7755
2611
9753
5715
8275
4668
1777
1389
8326
6956
6212
3676
9172
4433
2182
2794
1470
6639
9458
4269
5742
7329
6205
2156
5337
4892
9290
1337
7710
4418
5746
6230
2781
3486
5661
4781
5363
8217
1166
4680
7247
4181
1993
9984
5123
8400
9221
4811
3737
8497
2984
9064
1345
5575
5858
9279
9853
4390
8937
1461
3879
6254
1438
5027
5266
7809
7458
2249
1466
3063
3498
6081
8208
4263
2534
8227
9130
3433
1805
3596
7861
3334
6374
2124
2241
9293
4509
1334
3336
6605
1376
8130
6925
9958
4825
9594
3150
2140
6687
9599
9439
6537
9623
8980
4872
2529
5988
8797
3467
8700
6247
3937
4844
4215
9024
4584
6094
9478
9062
9676
8857
7692
1367
3167
3145
9792
6027
3790
5335
1301
1370
4348
2957
4968
2467
1149
8490
8916
5941
3533
1437
7305
2816
8635
9727
6496
3874
6836
3811
1074
7000
3476
3907
2613
2449
8977
3780
6814
9465
4731
5165
4165
3006
8982
3853
2911
1720
7497
9886
8367
2523
4369
5309
8914
4622
6461
1076
7990
8777
6121
2987
6467
7713
7575
5512
3834
5328
9102
7485
9588
1356
8965
1456
9232
8440
1826
4533
2942
8793
2772
5315
7420
8691
9302
6690
2322
6232
5588
3859
9541
8848
7165
